0.6932 0.5439 0.8754 0.0000e+00

0.6904 0.5472 0.8073 0.0000e+00

0.6887 0.5465 0.6178 1.0000

0.6895 0.5487 0.6807 1.0000

0.6906 0.5443 0.8160 0.0000e+00

0.6885 0.5437 1.0883 0.0000e+00

0.6886 0.5446 0.9498 0.0000e+00

0.6887 0.5461 0.7933 0.0000e+00

0.6871 0.5547 0.8002 0.0000e+00

0.6869 0.5527 0.6475 1.0000

0.6869 0.5518 0.8329 0.0000e+00

0.6867 0.5538 0.7222 0.0000e+00

0.6856 0.5514 0.8472 0.0000e+00

0.6840 0.5600 1.0712 0.0000e+00

0.6825 0.5624 0.6511 1.0000

0.6811 0.5611 0.8328 0.0000e+00

0.6780 0.5758 0.9116 0.0000e+00

0.6753 0.5782 0.8294 0.0000e+00

0.6721 0.5738 0.7930 0.0000e+00

0.6671 0.5963 0.7906 0.0000e+00

0.6596 0.5998 0.8810 0.0000e+00

0.6498 0.6169 0.6661 0.9327

0.6391 0.6328 0.6223 0.9644

0.6200 0.6728 0.9907 0.0000e+00

0.5948 0.7021 0.8116 0.0000e+00

0.5616 0.7978 0.6645 0.8851

0.5180 0.8403 0.4802 0.9505

0.4715 0.8590 0.4078 0.9485

0.4260 0.8592 0.5281 0.9089

0.3833 0.8728 0.5956 0.8891

0.3470 0.8816 0.4907 0.8931

0.3172 0.8898 0.3435 0.9069

0.2932 0.8948 0.4202 0.8931

0.2757 0.8990 0.4327 0.8911

0.2622 0.9021 0.3553 0.8931

0.2512 0.9052 0.4616 0.8713

0.2420 0.9078 0.3901 0.8871

0.2349 0.9096 0.4067 0.8733

0.2283 0.9131 0.3666 0.8812

0.2222 0.9173 0.3425 0.8832

0.2167 0.9186 0.3646 0.8733

0.2114 0.9210 0.3251 0.8812

0.2066 0.9223 0.3996 0.8653

0.2029 0.9243 0.3333 0.8733

0.1993 0.9259 0.4145 0.8554

0.1948 0.9267 0.3353 0.8733

0.1911 0.9309 0.3155 0.8752

0.1872 0.9318 0.3240 0.8713

0.1832 0.9320 0.4042 0.8515

0.1785 0.9371 0.3335 0.8733

0.1761 0.9380 0.4228 0.8475

0.1724 0.9377 0.3174 0.8752

0.1680 0.9397 0.2877 0.8871

0.1657 0.9397 0.3248 0.8733

0.1618 0.9459 0.3128 0.8733

0.1593 0.9454 0.3855 0.8653

0.1550 0.9472 0.3326 0.8733

0.1524 0.9503 0.2858 0.8931

0.1487 0.9509 0.3039 0.8832

0.1455 0.9527 0.2961 0.8891

0.1425 0.9547 0.3384 0.8752

0.1396 0.9556 0.3741 0.8752

0.1371 0.9571 0.2895 0.8950

0.1340 0.9586 0.2714 0.8990

0.1313 0.9613 0.2881 0.8970

0.1290 0.9626 0.3259 0.8911

0.1267 0.9644 0.3416 0.8911

0.1240 0.9652 0.2780 0.9010

0.1219 0.9648 0.3393 0.8911

0.1198 0.9663 0.3063 0.8970

0.1176 0.9672 0.3176 0.8970

0.1155 0.9690 0.3583 0.8911

0.1138 0.9694 0.3414 0.8970

0.1120 0.9692 0.3004 0.8990

0.1104 0.9699 0.3051 0.8990

0.1081 0.9716 0.4090 0.8851

0.1071 0.9721 0.3490 0.8970

0.1059 0.9723 0.3940 0.8931

0.1041 0.9718 0.3168 0.9010

0.1029 0.9734 0.3582 0.8990

0.1017 0.9749 0.3628 0.8990

0.1003 0.9740 0.3653 0.9010

0.0983 0.9749 0.3921 0.8990

0.0981 0.9747 0.3396 0.9030

0.0969 0.9756 0.3416 0.9050

0.0957 0.9754 0.3346 0.9109

0.0945 0.9765 0.3812 0.9050

0.0937 0.9765 0.3565 0.9069

0.0918 0.9787 0.3730 0.9050

0.0916 0.9771 0.3958 0.9050

0.0906 0.9780 0.3961 0.9069

0.0900 0.9773 0.3995 0.9089

0.0885 0.9780 0.3607 0.9109

0.0879 0.9784 0.3957 0.9109

0.0869 0.9780 0.3773 0.9129

0.0862 0.9798 0.4005 0.9109

0.0851 0.9787 0.4049 0.9129

0.0851 0.9793 0.3801 0.9149

0.0839 0.9798 0.3875 0.9149

0.0828 0.9809 0.3979 0.9149

0.916959476119

