183 86 177 0
115 193 135 0
186 92 49 0
21 162 27 0
90 59 163 0
126 140 26 0
172 136 11 0
168 167 29 0
182 130 62 0
123 67 135 0
129 2 22 0
58 69 167 0
193 56 11 0
42 29 173 0
21 119 184 0
137 198 124 0
115 170 13 0
126 91 180 0
156 73 62 0
170 196 81 0
105 125 84 0
127 136 105 0
46 129 113 0
57 124 95 0
182 145 14 0
167 34 164 0
43 150 87 0
8 76 178 0
188 184 3 0
51 154 199 0
132 60 76 0
168 139 12 0
26 186 94 0
139 195 170 0
34 178 67 0
1 97 102 0
117 92 52 0
156 101 80 0
86 41 65 0
89 44 19 0
40 129 31 0
117 97 171 0
81 75 109 0
127 167 56 0
97 153 186 0
165 106 83 0
19 24 128 0
71 132 29 0
103 19 70 0
168 108 115 0
140 149 196 0
123 18 45 0
46 51 121 0
155 179 88 0
164 28 41 0
150 193 100 0
34 164 124 0
114 187 56 0
143 91 27 0
165 59 136 0
32 151 37 0
28 75 7 0
74 121 58 0
195 29 37 0
35 193 18 0
28 143 11 0
128 129 176 0
4 43 163 0
13 138 6 0
40 104 18 0
128 88 169 0
117 117 196 0
124 143 70 0
183 90 99 0
172 125 44 0
190 105 139 0
154 186 69 0
82 142 64 0
197 107 155 0
4 148 11 0
22 28 99 0
143 146 168 0
140 22 111 0
10 5 1 0
61 130 78 0
105 120 136 0
44 26 122 0
65 108 16 0
82 58 124 0
37 62 24 0
0 36 52 0
99 179 150 0
68 71 173 0
131 81 130 0
133 94 60 0
163 199 181 0
99 196 159 0
173 13 68 0
190 95 126 0
66 84 140 0
90 84 176 0
142 136 107 0
45 156 179 0
18 87 12 0
148 172 59 0
9 136 10 0
142 187 6 0
101 113 172 0
121 55 19 0
199 121 104 0
139 11 140 0
67 105 28 0
127 150 184 0
58 120 24 0
22 69 196 0
81 30 84 0
92 172 72 0
50 25 185 0
22 99 40 0
42 98 113 0
98 190 124 0
190 9 181 0
19 136 132 0
155 194 4 0
179 169 73 0
176 50 55 0
60 142 179 0
84 193 5 0
21 167 104 0
13 161 154 0
126 59 144 0
2 2 106 0
184 21 42 0
68 128 189 0
72 108 158 0
98 36 8 0
153 48 103 0
133 133 48 0
90 154 167 0
146 168 129 0
100 46 188 0
197 49 190 0
103 33 163 0
97 53 92 0
86 125 152 0
196 175 188 0
157 129 36 0
60 14 121 0
60 104 28 0
27 50 148 0
156 102 194 0
97 99 43 0
39 2 28 0
3 100 81 0
47 138 159 0
151 135 134 0
139 92 15 0
127 104 29 0
49 164 85 0
29 143 135 0
177 100 38 0
171 149 89 0
167 188 92 0
195 143 144 0
29 190 82 0
140 141 169 0
26 32 61 0
42 160 117 0
23 161 81 0
109 190 25 0
196 167 77 0
34 90 26 0
124 57 14 0
168 5 158 0
112 186 100 0
146 126 194 0
116 152 178 0
129 146 90 0
47 170 51 0
80 31 193 0
57 27 112 0
86 14 155 0
112 90 12 0
79 10 169 0
189 74 155 0
41 20 33 0
187 88 138 0
166 170 84 0
56 17 6 0
60 49 37 0
5 59 17 0
118 145 183 0
73 58 73 0
37 89 83 0
7 78 157 0
114 71 129 0
100 59 18 0
38 25 188 0
74 33 157 0
81 93 158 0
70 99 17 0
39 169 163 0
22 194 173 0
47 31 62 0
82 190 92 0
191 57 115 0
121 157 174 0
91 147 151 0
31 21 137 0
140 54 30 0
98 125 81 0
116 116 2 0
31 139 196 0
4 138 180 0
18 21 170 0
62 12 179 0
177 85 136 0
104 176 83 0
7 159 57 0
144 99 111 0
127 150 36 0
160 18 105 0
163 49 44 0
111 5 134 0
91 175 155 0
14 189 168 0
193 118 5 0
82 22 182 0
117 30 93 0
174 126 193 0
86 53 143 0
74 14 113 0
179 177 162 0
175 88 119 0
110 132 94 0
17 146 35 0
137 91 153 0
143 173 128 0
125 91 110 0
18 17 36 0
163 55 90 0
58 130 104 0
171 61 33 0
85 189 73 0
4 51 5 0
50 68 103 0
85 6 195 0
39 149 120 0
167 26 163 0
77 196 181 0
65 160 36 0
155 170 118 0
11 142 132 0
196 179 121 0
70 184 172 0
27 34 40 0
83 72 198 0
30 63 147 0
150 30 173 0
114 59 122 0
47 124 82 0
35 32 4 0
154 43 98 0
86 40 78 0
159 62 62 0
83 41 48 0
123 124 72 0
122 154 135 0
21 57 165 0
147 171 176 0
69 18 101 0
103 53 133 0
107 159 128 0
6 197 120 0
84 108 134 0
98 191 176 0
98 115 52 0
171 189 159 0
106 10 16 0
24 109 139 0
0 178 109 0
53 81 114 0
138 189 26 0
67 147 23 0
187 31 132 0
122 81 75 0
50 179 190 0
54 150 131 0
13 57 94 0
181 81 3 0
120 33 182 0
181 87 15 0
96 25 4 0
122 92 151 0
97 32 134 0
181 106 15 0
57 108 195 0
199 162 97 0
83 176 154 0
177 109 187 0
132 182 21 0
66 163 60 0
82 11 85 0
86 85 130 0
190 183 114 0
76 116 20 0
92 125 128 0
39 125 90 0
136 160 18 0
43 137 128 0
182 21 110 0
155 88 25 0
15 170 37 0
53 8 122 0
183 150 57 0
97 27 126 0
69 71 51 0
149 110 128 0
39 198 88 0
10 193 177 0
90 176 199 0
152 131 87 0
177 99 57 0
166 152 17 0
41 135 168 0
98 184 195 0
176 5 66 0
28 154 128 0
108 193 78 0
197 155 72 0
174 45 0 0
125 197 83 0
12 127 182 0
21 93 134 0
39 134 21 0
159 185 157 0
154 161 162 0
172 141 116 0
52 50 62 0
82 199 17 0
154 173 15 0
106 51 164 0
190 63 91 0
172 37 137 0
59 28 71 0
80 187 56 0
190 141 170 0
152 65 111 0
69 117 161 0
83 151 112 0
100 106 38 0
67 164 89 0
32 154 104 0
75 79 141 0
12 138 169 0
36 170 156 0
44 160 49 0
14 65 114 0
126 86 183 0
39 169 135 0
152 21 193 0
190 89 109 0
31 73 64 0
135 148 95 0
77 113 33 0
198 149 155 0
155 193 68 0
156 160 133 0
23 86 171 0
158 77 140 0
45 181 161 0
190 123 50 0
100 154 75 0
164 42 24 0
59 119 89 0
44 69 38 0
151 176 183 0
19 133 143 0
104 156 181 0
75 66 11 0
167 112 192 0
129 102 68 0
131 2 174 0
7 118 16 0
183 177 87 0
72 173 157 0
62 125 133 0
197 96 18 0
141 153 126 0
74 180 193 0
85 148 105 0
30 29 159 0
98 160 162 0
24 119 80 0
41 102 10 0
80 126 183 0
189 140 108 0
123 138 157 0
93 31 110 0
20 105 90 0
13 191 38 0
70 21 67 0
29 71 180 0
143 95 99 0
24 88 154 0
186 169 32 0
169 110 173 0
30 33 63 0
187 79 94 0
49 99 151 0
139 64 142 0
130 86 115 0
149 115 186 0
81 11 34 0
133 187 122 0
87 173 43 0
119 142 154 0
44 124 139 0
59 63 18 0
153 112 69 0
105 4 133 0
199 134 19 0
115 35 87 0
53 69 50 0
87 2 37 0
162 89 10 0
5 160 104 0
111 157 29 0
3 16 92 0
21 122 5 0
43 179 161 0
128 178 47 0
100 45 82 0
187 99 151 0
189 186 153 0
26 148 194 0
36 106 107 0
92 17 64 0
121 20 80 0
166 194 154 0
123 37 133 0
84 117 112 0
131 17 109 0
165 156 8 0
69 145 195 0
22 171 95 0
169 159 1 0
76 52 171 0
140 125 143 0
172 91 89 0
127 166 78 0
12 50 196 0
124 133 13 0
186 99 170 0
194 168 115 0
141 142 39 0
37 63 198 0
190 139 2 0
113 31 128 0
57 4 171 0
146 83 138 0
25 95 140 0
21 172 26 0
34 158 125 0
156 152 45 0
72 46 139 0
111 83 3 0
61 25 142 0
16 139 174 0
144 196 130 0
67 94 13 0
157 119 60 0
50 92 32 0
76 79 190 0
153 35 95 0
198 107 141 0
137 170 176 0
140 184 1 0
83 0 92 0
9 96 40 0
139 163 135 0
104 73 6 0
164 123 51 0
149 151 130 0
139 104 165 0
186 102 25 0
79 191 147 0
7 84 131 0
161 119 131 0
53 128 27 0
94 19 143 0
181 123 168 0
187 39 43 0
38 188 194 0
120 80 98 0
86 18 152 0
63 98 95 0
10 105 179 0
142 66 98 0
25 72 178 0
53 166 197 0
148 147 72 0
116 86 112 0
159 77 100 0
153 197 132 0
3 35 151 0
107 98 49 0
154 61 106 0
134 3 125 0
184 28 197 0
163 33 115 0
160 181 14 0
185 97 100 0
97 8 129 0
149 113 79 0
34 116 114 0
185 175 165 0
186 130 26 0
92 16 29 0
169 152 9 0
166 115 195 0
33 28 176 0
47 13 26 0
100 62 186 0
29 163 100 0
108 197 16 0
175 182 144 0
140 120 26 0
118 165 194 0
99 134 146 0
108 53 62 0
103 86 42 0
32 134 7 0
10 34 69 0
196 15 184 0
96 124 182 0
65 51 116 0
161 143 37 0
187 61 2 0
181 160 88 0
79 20 141 0
93 124 28 0
135 108 162 0
142 70 196 0
163 66 11 0
100 115 87 0
34 132 90 0
150 93 33 0
139 80 94 0
93 13 54 0
182 44 75 0
123 138 151 0
151 73 11 0
65 168 81 0
13 83 99 0
177 135 14 0
64 169 146 0
107 72 191 0
140 11 23 0
187 57 36 0
193 39 81 0
20 114 171 0
171 18 196 0
134 83 164 0
167 97 0 0
67 74 135 0
33 90 57 0
132 149 129 0
123 90 92 0
147 29 149 0
135 22 140 0
168 43 55 0
139 166 25 0
136 53 60 0
52 20 157 0
4 87 183 0
140 121 26 0
197 5 127 0
78 128 169 0
170 27 198 0
120 163 21 0
60 83 16 0
67 23 182 0
92 111 35 0
153 163 8 0
62 168 95 0
198 60 168 0
176 9 173 0
103 87 54 0
73 57 81 0
23 129 196 0
44 142 80 0
12 9 55 0
147 54 166 0
134 159 81 0
142 173 1 0
38 171 13 0
158 99 22 0
84 155 61 0
90 180 71 0
123 3 0 0
120 0 142 0
152 12 104 0
7 159 158 0
125 94 117 0
158 36 90 0
160 26 14 0
173 137 65 0
148 21 20 0
9 63 0 0
32 186 4 0
33 58 156 0
127 10 168 0
31 169 128 0
141 46 174 0
58 5 10 0
101 165 189 0
67 90 126 0
132 38 99 0
105 0 162 0
57 32 148 0
61 17 7 0
169 97 169 0
138 128 139 0
18 70 185 0
192 80 142 0
154 133 107 0
143 0 150 0
21 85 188 0
120 190 140 0
34 47 125 0
183 61 94 0
142 30 191 0
63 120 120 0
154 138 142 0
92 130 22 0
34 85 108 0
94 180 108 0
44 2 145 0
184 122 87 0
125 157 135 0
2 92 148 0
96 186 130 0
40 49 51 0
112 156 189 0
54 48 72 0
28 82 157 0
88 176 137 0
197 20 139 0
94 5 14 0
182 82 123 0
69 36 15 0
17 84 153 0
99 124 154 0
150 36 110 0
92 42 158 0
164 23 41 0
121 111 169 0
10 60 190 0
102 155 147 0
116 89 181 0
39 158 17 0
6 175 101 0
111 74 178 0
65 177 166 0
176 69 161 0
134 33 136 0
127 106 199 0
97 116 60 0
39 170 167 0
186 86 8 0
167 77 166 0
136 35 93 0
37 146 119 0
167 12 96 0
134 140 117 0
95 74 150 0
31 2 8 0
30 51 125 0
42 90 47 0
161 76 134 0
169 195 163 0
135 131 151 0
180 120 97 0
100 88 61 0
196 174 1 0
114 69 28 0
16 52 182 0
25 82 33 0
102 77 123 0
149 190 151 0
35 160 146 0
199 47 29 0
102 28 149 0
199 128 189 0
13 76 163 0
166 190 184 0
194 159 36 0
176 184 71 0
9 38 100 0
84 139 90 0
35 175 50 0
181 126 50 0
162 28 78 0
64 179 158 0
53 144 34 0
169 111 177 0
105 57 136 0
142 34 72 0
165 195 110 0
65 32 49 0
107 67 176 0
158 1 102 0
160 163 82 0
38 27 14 0
196 33 158 0
30 154 69 0
7 59 127 0
95 1 113 0
167 118 60 0
29 135 92 0
31 43 112 0
7 153 113 0
62 113 28 0
96 151 56 0
110 99 41 0
69 81 195 0
90 89 54 0
169 136 8 0
82 104 126 0
95 133 14 0
187 164 57 0
51 124 10 0
164 138 123 0
193 34 26 0
1 145 125 0
194 166 6 0
189 56 47 0
195 26 184 0
3 60 40 0
82 155 173 0
48 95 90 0
105 146 166 0
67 63 104 0
190 8 90 0
168 161 35 0
93 155 1 0
51 144 10 0
51 91 188 0
35 47 48 0
75 81 156 0
0 129 51 0
42 34 149 0
160 101 164 0
64 43 172 0
155 11 133 0
142 56 40 0
96 59 136 0
58 110 28 0
46 97 75 0
94 124 156 0
50 125 85 0
53 119 71 0
155 80 124 0
119 96 167 0
44 3 130 0
129 146 186 0
170 194 45 0
58 52 108 0
86 98 5 0
113 144 130 0
21 147 7 0
58 0 78 0
129 107 158 0
53 179 7 0
172 175 10 0
102 104 108 0
40 26 102 0
86 85 106 0
146 123 4 0
151 37 101 0
33 10 48 0
192 69 0 0
71 150 108 0
181 156 87 0
188 128 62 0
151 183 118 0
59 23 145 0
114 61 182 0
172 7 57 0
129 111 94 0
30 144 57 0
78 137 126 0
78 160 28 0
186 141 184 0
25 82 65 0
39 33 48 0
158 44 23 0
55 110 85 0
189 83 44 0
46 12 155 0
93 42 100 0
150 120 189 0
28 150 149 0
56 137 42 0
41 114 124 0
58 154 109 0
58 64 154 0
81 119 16 0
118 60 99 0
163 106 63 0
118 199 105 0
170 101 177 0
111 129 128 0
12 186 17 0
55 179 83 0
179 189 37 0
89 47 53 0
195 80 124 0
11 199 184 0
111 114 43 0
126 184 42 0
32 107 96 0
161 18 25 0
41 31 163 0
10 86 94 0
94 17 35 0
83 58 82 0
137 53 115 0
13 17 114 0
198 80 180 0
41 6 164 0
35 38 23 0
131 152 42 0
109 145 25 0
24 156 63 0
71 2 80 0
106 85 91 0
189 174 144 0
56 188 161 0
170 138 41 0
102 179 48 0
18 166 38 0
42 50 142 0
84 159 88 0
61 135 196 0
124 6 198 0
156 113 35 0
47 54 162 0
144 110 102 0
57 32 40 0
51 86 171 0
99 104 89 0
89 146 139 0
184 182 50 0
72 43 186 0
68 119 192 0
18 76 57 0
53 75 63 0
15 19 125 0
69 77 109 0
109 80 195 0
32 131 100 0
122 20 46 0
13 156 29 0
64 28 24 0
50 48 144 0
194 18 172 0
4 72 47 0
67 39 19 0
193 109 48 0
54 170 128 0
50 155 59 0
150 29 31 0
148 42 188 0
177 106 168 0
154 108 169 0
98 103 187 0
70 107 11 0
69 126 3 0
40 71 64 0
88 126 186 0
16 176 141 0
27 78 122 0
59 26 165 0
199 4 23 0
167 158 132 0
88 8 187 0
76 30 94 0
39 51 172 0
42 92 44 0
106 180 122 0
93 149 98 0
186 128 176 0
109 187 2 0
26 138 158 0
49 58 68 0
181 146 28 0
120 174 58 0
14 14 62 0
139 56 154 0
135 115 134 0
57 160 35 0
107 146 164 0
83 55 103 0
37 33 42 0
148 83 100 0
168 16 46 0
149 137 21 0
159 103 187 0
21 42 43 0
175 177 110 0
62 186 70 0
97 93 17 0
61 128 24 0
117 166 58 0
159 66 93 0
59 186 109 0
57 135 46 0
30 95 102 0
17 116 96 0
13 92 74 0
123 106 60 0
194 3 106 0
163 17 34 0
139 134 152 0
149 93 18 0
42 104 5 0
104 113 92 0
102 144 187 0
4 161 56 0
101 126 148 0
127 50 54 0
139 196 9 0
45 111 26 0
80 2 112 0
32 152 157 0
3 146 61 0
160 50 127 0
52 153 71 0
40 157 184 0
48 10 111 0
148 137 113 0
154 77 61 0
163 74 124 0
142 154 126 0
54 139 78 0
164 142 25 0
177 102 27 0
104 154 180 0
175 146 90 0
160 194 100 0
23 142 190 0
88 96 19 0
149 12 93 0
25 154 48 0
151 160 187 0
182 124 129 0
159 102 183 0
186 6 137 0
167 134 36 0
9 46 30 0
109 69 125 0
51 157 173 0
70 58 185 0
164 83 139 0
164 186 52 0
103 168 176 0
32 127 30 0
167 66 37 0
104 33 171 0
92 194 17 0
75 55 38 0
0 107 147 0
173 177 157 0
159 93 192 0
50 57 178 0
102 160 147 0
31 144 26 0
61 111 92 0
98 168 77 0
21 60 71 0
190 87 79 0
180 87 186 0
79 13 163 0
36 124 9 0
28 174 66 0
159 29 27 0
58 60 171 0
84 73 35 0
129 124 3 0
158 145 15 0
182 88 103 0
61 68 142 0
47 100 155 0
162 136 31 0
171 117 158 0
38 76 187 0
17 134 199 0
140 170 72 0
127 51 196 0
82 10 94 0
98 192 182 0
153 53 2 0
47 52 54 0
155 14 191 0
186 138 60 0
144 128 88 0
83 145 22 0
34 37 144 0
107 165 196 0
55 47 6 0
149 97 150 0
83 2 3 0
38 50 55 0
92 5 21 0
35 191 111 0
95 88 39 0
183 123 136 0
157 158 126 0
102 65 91 0
50 120 90 0
8 22 188 0
158 57 190 0
161 95 40 0
168 140 197 0
141 175 141 0
53 23 29 0
44 158 152 0
133 116 110 0
59 170 127 0
150 172 0 0
40 180 174 0
180 138 31 0
171 99 79 0
163 19 19 0
161 112 146 0
54 117 169 0
83 162 128 0
187 95 196 0
50 154 166 0
129 56 138 0
129 96 118 0
55 29 8 0
87 0 107 0
118 115 78 0
137 28 190 0
35 82 108 0
5 117 22 0
85 57 69 0
81 107 23 0
199 36 79 0
89 118 127 0
7 173 156 0
15 12 108 0
74 130 176 0
104 19 156 0
46 55 39 0
106 12 108 0
128 97 165 0
197 130 72 0
172 129 61 0
3 18 131 0
83 177 56 0
191 144 69 0
52 170 151 0
28 26 123 0
184 72 130 0
175 179 94 0
84 59 191 0
49 9 73 0
74 181 2 0
135 137 172 0
66 20 101 0
74 11 45 0
143 15 167 0
47 43 193 0
122 180 17 0
4 107 196 0
98 191 8 0
89 193 17 0
162 67 150 0
116 154 87 0
40 172 59 0
141 46 23 0
138 142 38 0
105 189 82 0
50 63 14 0
67 67 121 0
16 165 65 0
24 6 58 0
41 120 125 0
191 188 79 0
31 28 51 0
90 169 97 0
113 59 191 0
152 116 132 0
186 166 195 0
0 185 14 0
73 1 179 0
138 177 137 0
196 18 57 0
73 162 45 0
104 193 25 0
107 35 146 0
5 149 5 0
148 53 73 0
81 39 39 0
76 191 177 0
91 64 130 0
22 155 108 0
160 151 126 0
169 177 40 0
15 81 33 0
192 189 69 0
139 146 170 0
96 94 23 0
170 175 14 0
161 4 5 0
138 95 21 0
69 69 176 0
177 29 80 0
55 199 57 0
96 166 138 0
81 158 79 0
102 49 25 0
24 146 72 0
47 116 47 0
61 77 51 0
18 16 98 0
40 37 168 0
16 166 149 0
96 21 148 0
105 69 66 0
196 151 177 0
75 5 26 0
53 30 172 0
125 29 88 0
172 43 118 0
176 61 86 0
26 101 123 0
194 70 89 0
96 118 62 0
196 24 132 0
63 20 35 0
40 47 192 0
18 100 22 0
143 25 4 0
183 150 47 0
101 78 108 0
187 104 162 0
62 51 32 0
151 147 102 0
166 143 126 0
50 158 98 0
37 150 98 0
29 169 198 0
4 112 176 0
8 47 78 0
55 149 108 0
163 136 164 0
77 151 15 0
109 54 114 0
12 20 10 0
90 70 168 0
141 107 71 0
39 89 40 0
189 93 104 0
117 53 151 0
147 108 52 0
55 23 141 0
172 101 92 0
139 162 146 0
54 126 119 0
16 169 189 0
184 110 49 0
55 101 90 0
47 42 183 0
103 112 188 0
7 11 96 0
11 19 71 0
152 191 124 0
196 130 87 0
143 136 165 0
62 152 134 0
3 89 196 0
4 96 97 0
94 96 92 0
29 199 156 0
17 158 167 0
65 122 186 0
137 74 177 0
61 71 108 0
100 166 196 0
66 180 149 0
0 135 38 0
197 140 134 0
46 186 30 0
90 16 182 0
46 185 92 0
14 51 14 0
152 140 41 0
130 153 64 0
190 54 30 0
186 72 162 0
87 72 97 0
125 21 189 0
60 20 176 0
42 110 192 0
24 109 129 0
69 75 180 0
83 27 120 0
124 109 74 0
188 99 80 0
170 38 152 0
132 125 176 0
182 51 198 0
171 63 170 0
147 57 32 0
91 34 141 0
21 103 16 0
153 138 196 0
26 63 105 0
52 3 157 0
132 126 195 0
36 58 120 0
12 192 123 0
162 164 138 0
132 63 148 0
165 107 182 0
58 128 37 0
27 33 175 0
23 59 190 0
128 111 146 0
85 195 72 0
32 31 82 0
105 196 75 0
28 158 39 0
119 43 54 0
67 160 161 0
1 170 41 0
38 197 75 0
13 20 86 0
156 101 198 0
102 138 145 0
174 123 129 0
56 28 125 0
131 8 35 0
122 79 30 0
177 146 190 0
90 147 113 0
132 137 110 0
7 151 83 0
93 107 136 0
43 9 26 0
189 135 149 0
118 191 177 0
195 123 138 0
30 197 17 0
13 174 116 0
155 65 15 0
68 149 153 0
179 156 56 0
14 1 115 0
150 197 76 0
176 138 11 0
126 8 2 0
55 3 77 0
193 185 75 0
11 198 1 0
127 106 18 0
142 174 167 0
47 153 123 0
103 167 77 0
18 69 26 0
94 46 164 0
105 124 172 0
60 179 127 0
137 125 64 0
164 136 15 0
166 15 121 0
184 109 95 0
152 157 1 0
27 60 120 0
56 31 190 0
82 125 188 0
46 183 112 0
170 43 91 0
49 132 16 0
66 97 104 0
81 63 71 0
154 199 181 0
1 151 90 0
2 131 102 0
75 187 133 0
65 70 11 0
5 68 146 0
117 191 189 0
160 192 73 0
129 58 170 0
33 91 185 0
57 197 137 0
190 199 88 0
80 153 171 0
134 28 159 0
20 45 181 0
183 50 1 0
129 119 192 0
70 80 137 0
143 9 147 0
66 194 39 0
3 3 188 0
140 193 187 0
181 25 141 0
152 112 121 0
63 132 167 0
44 115 169 0
46 44 89 0
190 114 121 0
127 9 130 0
75 75 76 0
66 31 80 0
54 171 25 0
42 104 3 0
135 57 115 0
56 72 47 0
175 117 114 0
145 163 158 0
186 153 24 0
107 81 33 0
189 108 61 0
17 174 92 0
49 28 15 0
75 22 72 0
30 157 81 0
145 166 153 0
192 141 70 0
58 38 185 0
16 24 139 0
192 83 172 0
177 72 32 0
38 42 6 0
82 91 186 0
50 118 9 0
122 148 118 0
155 45 84 0
108 189 178 0
179 47 16 0
164 15 193 0
55 7 76 0
179 185 101 0
11 175 95 0
169 10 186 0
156 12 57 0
117 86 157 0
35 41 3 0
72 149 192 0
50 80 40 0
18 197 55 0
11 4 15 0
40 184 0 0
93 147 127 0
188 117 137 0
174 73 101 0
183 190 187 0
141 177 28 0
96 1 130 0
88 3 10 0
80 22 159 0
136 185 164 0
103 177 100 0
55 70 47 0
182 58 164 0
72 185 37 0
173 168 179 0
161 61 109 0
189 157 110 0
119 46 66 0
82 78 88 0
41 166 25 0
157 69 3 0
57 124 25 0
105 107 84 0
69 131 69 0
59 104 189 0
190 65 51 0
51 7 8 0
162 78 6 0
28 160 85 0
68 154 51 0
45 111 121 0
0 169 45 0
26 26 104 0
62 95 35 0
131 106 140 0
120 49 157 0
123 100 116 0
132 14 195 0
90 42 107 0
175 62 13 0
179 60 77 0
100 60 46 0
97 38 24 0
154 100 71 0
189 31 178 0
81 104 179 0
191 27 79 0
107 111 94 0
54 2 88 0
114 129 103 0
79 108 163 0
156 160 175 0
154 10 14 0
178 164 114 0
50 153 98 0
180 187 154 0
159 178 133 0
38 37 45 0
84 44 199 0
173 158 128 0
28 37 189 0
191 146 149 0
118 100 159 0
132 79 123 0
199 129 29 0
97 109 16 0
3 20 146 0
136 58 183 0
133 95 27 0
132 20 137 0
13 48 127 0
2 191 73 0
103 109 125 0
63 42 4 0
138 193 85 0
119 42 146 0
87 45 166 0
33 181 177 0
169 115 72 0
148 199 92 0
38 12 140 0
165 14 131 0
190 70 192 0
115 133 186 0
72 23 179 0
157 95 21 0
104 182 18 0
22 168 152 0
199 89 19 0
71 189 18 0
115 27 183 0
55 144 149 0
138 134 19 0
83 2 104 0
69 74 128 0
49 183 23 0
22 39 157 0
193 62 125 0
145 13 166 0
164 37 156 0
134 152 183 0
117 160 80 0
67 50 166 0
86 133 168 0
191 3 194 0
71 4 178 0
46 178 17 0
155 171 79 0
33 68 93 0
199 184 82 0
155 119 34 0
91 188 194 0
171 7 197 0
89 94 130 0
58 37 85 0
4 60 89 0
182 58 20 0
0 13 191 0
31 46 12 0
76 46 196 0
158 153 67 0
145 44 56 0
91 167 63 0
88 9 109 0
19 19 98 0
56 23 158 0
98 6 16 0
118 158 182 0
61 141 28 0
73 18 26 0
70 128 180 0
137 73 176 0
145 165 96 0
9 53 105 0
70 24 124 0
169 33 147 0
127 131 105 0
96 49 63 0
78 110 157 0
58 136 175 0
85 158 103 0
65 47 129 0
41 193 94 0
137 154 99 0
194 24 76 0
118 145 109 0
18 25 192 0
123 121 41 0
139 151 103 0
96 9 191 0
23 94 149 0
78 111 197 0
159 153 190 0
53 42 96 0
105 189 72 0
133 107 18 0
194 77 43 0
186 153 116 0
179 92 67 0
82 140 28 0
74 115 123 0
175 145 34 0
172 105 139 0
114 110 134 0
10 15 123 0
35 100 182 0
53 94 60 0
96 32 13 0
12 11 57 0
31 94 149 0
59 120 16 0
134 95 161 0
121 20 66 0
12 86 177 0
146 49 144 0
21 84 45 0
156 137 91 0
16 185 124 0
181 149 87 0
190 180 181 0
91 191 53 0
107 126 101 0
68 47 73 0
87 11 159 0
64 110 8 0
160 131 44 0
157 87 133 0
49 55 118 0
125 188 67 0
12 178 199 0
146 69 191 0
151 128 69 0
4 197 68 0
77 84 79 0
189 100 189 0
149 60 73 0
194 18 112 0
127 19 120 0
46 96 108 0
65 60 39 0
17 6 60 0
8 110 189 0
29 114 138 0
97 192 174 0
128 181 74 0
118 130 86 0
143 76 56 0
55 4 27 0
127 2 75 0
36 19 136 0
27 36 94 0
87 44 4 0
76 73 119 0
166 122 63 0
140 51 196 0
166 121 78 0
5 64 155 0
61 71 111 0
41 199 113 0
116 187 132 0
4 14 121 0
99 101 165 0
55 130 191 0
126 96 65 0
189 37 116 0
137 3 189 0
16 8 5 0
123 22 77 0
186 15 28 0
51 83 15 0
183 88 29 0
56 139 82 0
22 194 12 0
165 121 109 0
182 62 146 0
51 0 101 0
40 168 62 0
46 43 36 0
75 29 3 0
103 80 86 0
118 15 126 0
99 72 65 0
181 46 60 0
194 163 181 0
55 145 43 0
153 196 195 0
54 189 163 0
68 35 158 0
56 110 187 0
59 165 67 0
146 83 83 0
72 134 107 0
138 115 153 0
150 109 116 0
83 164 61 0
78 69 10 0
74 124 199 0
189 144 34 0
148 1 96 0
135 60 61 0
155 158 96 0
190 31 30 0
97 121 97 0
50 23 159 0
118 106 75 0
131 184 145 0
141 10 69 0
140 0 165 0
126 100 166 0
174 35 27 0
187 142 137 0
83 132 168 0
65 29 41 0
163 31 64 0
122 149 170 0
149 81 107 0
94 22 117 0
115 115 117 0
81 193 17 0
47 168 5 0
26 155 147 0
164 191 32 0
84 56 61 0
78 171 45 0
142 45 194 0
65 195 27 0
172 89 2 0
89 5 117 0
159 86 110 0
128 85 30 0
85 64 186 0
185 180 177 0
17 64 185 0
30 142 109 0
75 37 154 0
22 102 101 0
49 26 191 0
51 67 148 0
120 26 186 0
183 107 71 0
13 192 87 0
151 129 67 0
80 146 132 0
66 177 26 0
127 4 63 0
81 26 117 0
135 28 143 0
78 31 11 0
26 104 189 0
12 87 96 0
35 52 41 0
75 4 170 0
142 84 117 0
74 102 46 0
53 29 50 0
116 63 29 0
186 198 57 0
129 76 88 0
140 54 192 0
130 18 31 0
178 5 84 0
19 80 40 0
142 23 76 0
59 49 131 0
57 102 160 0
59 171 175 0
88 157 173 0
145 38 1 0
186 131 55 0
130 13 73 0
162 191 79 0
198 163 159 0
190 105 182 0
66 116 184 0
197 173 86 0
110 184 9 0
85 73 118 0
11 170 157 0
12 108 88 0
68 39 101 0
93 153 44 0
124 151 159 0
84 93 64 0
18 159 132 0
2 109 57 0
41 19 42 0
2 56 115 0
121 67 37 0
30 32 146 0
118 52 185 0
171 145 90 0
167 70 41 0
127 106 86 0
143 76 45 0
76 79 106 0
85 72 77 0
127 74 86 0
194 147 153 0
32 177 137 0
130 47 189 0
115 170 87 0
5 138 109 0
198 17 15 0
84 112 91 0
81 140 122 0
140 26 146 0
17 105 21 0
55 100 168 0
9 84 98 0
98 14 145 0
88 81 116 0
127 38 6 0
36 188 175 0
3 24 87 0
46 57 28 0
169 197 54 0
67 167 111 0
88 22 11 0
9 183 47 0
107 82 13 0
4 122 94 0
120 1 84 0
78 37 72 0
53 192 96 0
141 38 154 0
121 159 151 0
127 27 70 0
38 67 93 0
2 28 28 0
49 135 110 0
15 92 184 0
109 164 185 0
146 43 174 0
18 48 166 0
115 141 157 0
21 62 68 0
124 141 95 0
195 180 115 0
40 182 143 0
68 183 31 0
131 198 123 0
67 60 39 0
53 6 82 0
27 24 131 0
146 91 24 0
103 64 87 0
123 189 28 0
171 136 160 0
86 176 142 0
181 196 78 0
164 79 76 0
39 147 136 0
79 152 94 0
161 131 119 0
44 77 162 0
69 132 27 0
108 56 168 0
88 27 104 0
49 65 32 0
143 46 180 0
173 11 60 0
50 50 159 0
138 129 111 0
33 43 194 0
104 39 24 0
18 60 156 0
197 168 164 0
165 9 143 0
69 58 160 0
101 153 159 0
34 127 122 0
46 129 124 0
5 19 54 0
68 4 49 0
62 60 40 0
86 79 101 0
195 76 69 0
111 42 30 0
7 63 40 0
167 117 194 0
78 151 73 0
0 197 2 0
125 2 173 0
131 22 178 0
180 36 38 0
20 123 117 0
121 70 146 0
143 133 140 0
125 140 3 0
166 60 120 0
112 138 23 0
185 139 20 0
139 16 174 0
112 147 196 0
90 127 185 0
81 99 60 0
150 173 130 0
96 68 15 0
36 193 156 0
192 111 168 0
64 23 58 0
88 8 149 0
108 99 165 0
35 164 112 0
183 54 191 0
168 87 43 0
28 38 16 0
110 134 36 0
126 123 181 0
34 115 93 0
2 179 116 0
60 67 77 0
162 128 176 0
127 163 140 0
40 98 147 0
31 67 34 0
74 95 24 0
42 158 159 0
30 84 34 0
12 118 149 0
57 72 80 0
173 84 100 0
2 46 180 0
131 174 95 0
23 166 193 0
122 197 60 0
157 24 108 0
181 18 66 0
92 49 102 0
126 13 172 0
27 70 44 0
60 195 128 0
160 150 127 0
140 81 53 0
187 104 19 0
180 27 168 0
193 136 144 0
53 69 163 0
71 114 164 0
173 192 129 0
145 20 151 0
141 80 98 0
21 192 48 0
148 84 129 0
1 71 186 0
172 3 165 0
141 196 53 0
85 49 74 0
0 72 188 0
164 45 181 0
93 142 153 0
196 83 185 0
95 57 177 0
143 5 61 0
25 159 84 0
163 131 87 0
128 24 36 0
133 110 37 0
7 110 110 0
196 27 107 0
129 72 2 0
34 69 37 0
19 164 94 0
148 107 52 0
161 132 11 0
45 95 94 0
84 175 119 0
120 108 29 0
158 68 91 0
20 64 118 0
127 145 191 0
129 179 12 0
167 150 176 0
61 98 83 0
65 59 168 0
76 104 15 0
123 140 143 0
42 61 3 0
23 19 71 0
66 39 87 0
185 118 32 0
128 48 163 0
140 167 113 0
68 180 163 0
103 46 22 0
71 74 78 0
39 197 19 0
182 39 32 0
137 14 51 0
9 81 42 0
96 18 112 0
81 98 112 0
44 190 79 0
110 58 12 0
25 113 10 0
48 185 84 0
78 176 82 0
49 110 73 0
81 47 40 0
84 56 73 0
78 153 91 0
191 186 141 0
103 182 131 0
135 44 141 0
147 70 54 0
157 70 191 0
193 148 119 0
75 198 29 0
101 79 77 0
93 116 85 0
166 194 190 0
57 185 176 0
150 89 159 0
33 176 3 0
126 123 73 0
132 32 143 0
124 25 44 0
43 53 194 0
25 106 25 0
54 199 141 0
139 165 136 0
130 174 121 0
58 124 162 0
169 109 138 0
173 35 13 0
198 167 45 0
94 43 23 0
90 87 28 0
84 64 134 0
109 118 85 0
51 57 2 0
187 139 176 0
60 198 52 0
23 119 161 0
161 92 148 0
175 43 115 0
172 89 159 0
147 179 198 0
175 15 62 0
61 124 132 0
146 127 189 0
148 66 81 0
76 127 31 0
80 150 150 0
193 63 195 0
141 190 190 0
9 115 79 0
168 62 10 0
118 190 25 0
180 51 101 0
112 198 181 0
53 98 47 0
86 127 174 0
117 7 76 0
20 1 92 0
15 94 82 0
5 103 149 0
36 23 12 0
198 141 2 0
175 73 5 0
28 137 3 0
9 191 54 0
57 77 181 0
183 147 140 0
60 167 93 0
152 134 140 0
186 91 43 0
136 127 67 0
100 125 160 0
54 52 34 0
59 80 171 0
15 90 114 0
21 99 144 0
154 82 91 0
94 142 10 0
140 46 144 0
80 185 35 0
75 73 114 0
142 173 191 0
55 27 43 0
89 38 123 0
60 53 165 0
127 26 64 0
71 180 147 0
162 75 41 0
172 167 40 0
68 47 25 0
103 122 98 0
169 17 23 0
160 72 2 0
155 113 40 0
78 125 46 0
196 52 72 0
60 123 53 0
7 37 80 0
1 161 47 0
41 29 46 0
66 84 120 0
116 53 89 0
139 165 113 0
141 120 26 0
181 151 104 0
179 147 156 0
52 7 32 0
57 167 69 0
89 168 31 0
136 9 60 0
134 27 97 0
54 143 150 0
144 82 68 0
57 23 188 0
36 156 91 0
140 136 38 0
96 140 198 0
128 197 165 0
150 38 133 0
181 126 94 0
193 60 121 0
90 66 64 0
193 10 98 0
61 20 121 0
1 8 29 0
93 148 165 0
131 196 57 0
129 77 6 0
46 27 44 0
131 160 170 0
25 153 30 0
98 44 49 0
114 189 11 0
12 50 31 0
85 3 39 0
115 96 139 0
32 180 136 0
42 61 13 0
48 108 192 0
93 191 152 0
15 17 105 0
198 67 101 0
47 134 90 0
58 146 92 0
42 184 96 0
33 51 144 0
173 35 124 0
109 77 186 0
74 126 46 0
66 171 189 0
18 186 158 0
123 136 26 0
177 183 160 0
67 194 58 0
112 36 42 0
8 69 45 0
152 42 81 0
29 103 158 0
167 177 36 0
165 195 7 0
154 13 146 0
113 89 82 0
139 66 18 0
51 85 12 0
109 149 0 0
104 157 69 0
149 62 64 0
30 91 119 0
141 10 49 0
177 175 44 0
137 129 10 0
35 42 99 0
69 133 117 0
87 184 154 0
51 46 104 0
51 150 13 0
73 51 75 0
137 34 118 0
56 175 128 0
105 104 103 0
102 41 185 0
112 76 27 0
11 98 113 0
80 185 97 0
186 189 95 0
90 40 45 0
56 113 97 0
83 2 131 0
2 59 58 0
82 116 162 0
138 18 4 0
123 130 32 0
102 93 82 0
15 125 68 0
65 64 57 0
160 106 49 0
6 162 115 0
55 46 117 0
138 0 176 0
196 82 45 0
110 20 15 0
66 143 98 0
51 46 143 0
133 61 21 0
1 78 85 0
10 39 191 0
12 197 154 0
127 52 0 0
44 142 0 0
173 90 34 0
170 0 55 0
185 67 150 0
83 118 196 0
179 51 10 0
0 5 88 0
85 167 79 0
76 179 76 0
182 58 128 0
134 103 22 0
86 28 112 0
121 198 113 0
176 135 180 0
78 171 98 0
75 150 101 0
37 150 106 0
77 187 26 0
157 15 5 0
33 198 16 0
114 132 119 0
136 19 99 0
49 92 49 0
162 20 184 0
94 98 155 0
144 125 57 0
45 162 7 0
104 192 146 0
130 149 162 0
87 134 160 0
103 48 44 0
174 137 15 0
73 138 107 0
122 52 127 0
59 146 26 0
14 42 151 0
24 87 66 0
183 143 58 0
130 73 159 0
92 113 93 0
4 16 94 0
48 191 31 0
16 16 169 0
123 91 173 0
3 150 119 0
181 116 113 0
84 140 0 0
150 124 96 0
160 54 121 0
119 98 34 0
165 102 51 0
59 102 194 0
42 118 10 0
163 194 53 0
136 197 3 0
7 178 120 0
120 62 12 0
72 165 136 0
168 125 142 0
42 197 40 0
76 162 94 0
79 173 197 0
25 167 67 0
188 130 61 0
41 18 10 0
45 25 140 0
117 97 3 0
129 169 120 0
66 90 197 0
8 132 146 0
1 160 60 0
95 40 33 0
44 17 0 0
112 5 82 0
125 47 100 0
136 44 77 0
76 161 174 0
31 90 144 0
103 108 186 0
101 69 118 0
199 70 78 0
60 165 70 0
45 10 88 0
46 122 45 0
80 199 92 0
181 87 88 0
10 116 49 0
185 147 92 0
81 3 152 0
67 56 21 0
137 55 91 0
15 115 57 0
38 161 67 0
78 159 141 0
123 39 92 0
168 172 180 0
56 135 96 0
58 120 195 0
102 1 198 0
54 20 54 0
76 157 62 0
167 172 177 0
176 162 90 0
195 40 1 0
88 116 193 0
181 84 165 0
161 92 100 0
57 102 172 0
4 4 125 0
3 59 145 0
9 87 102 0
71 54 27 0
1 183 141 0
43 178 182 0
45 67 50 0
38 48 134 0
155 161 178 0
8 170 81 0
180 174 37 0
106 129 96 0
3 139 135 0
58 162 190 0
85 115 125 0
26 159 103 0
160 4 122 0
10 42 170 0
96 197 83 0
27 5 53 0
108 138 28 0
145 196 109 0
194 199 48 0
129 57 163 0
71 94 78 0
196 73 189 0
52 33 193 0
174 196 187 0
97 44 137 0
180 71 94 0
34 179 32 0
14 77 28 0
123 23 180 0
124 104 189 0
87 176 84 0
117 124 157 0
107 176 142 0
52 103 90 0
40 0 135 0
177 180 6 0
71 166 138 0
56 180 167 0
36 56 190 0
168 180 94 0
158 19 22 0
194 88 147 0
103 195 75 0
197 0 178 0
88 192 130 0
23 169 63 0
181 192 29 0
119 0 10 0
86 189 66 0
28 157 198 0
123 115 17 0
97 61 105 0
196 164 53 0
72 162 5 0
2 50 197 0
85 25 118 0
148 6 62 0
177 78 63 0
139 116 52 0
157 145 161 0
155 20 77 0
124 117 90 0
182 114 55 0
187 138 17 0
192 92 19 0
141 177 196 0
59 125 2 0
73 55 32 0
136 194 149 0
140 104 94 0
102 59 114 0
131 136 183 0
21 70 97 0
28 57 187 0
197 1 80 0
168 94 57 0
164 153 135 0
119 26 190 0
151 115 136 0
52 7 40 0
146 61 52 0
12 144 188 0
196 118 10 0
45 146 19 0
33 96 20 0
65 64 66 0
122 29 19 0
9 148 197 0
151 51 64 0
88 104 72 0
128 2 85 0
132 15 30 0
72 163 148 0
82 160 46 0
101 145 142 0
73 10 7 0
139 85 36 0
110 94 136 0
60 46 139 0
124 86 43 0
148 166 198 0
34 99 13 0
16 171 128 0
164 6 88 0
10 107 34 0
105 133 44 0
112 72 81 0
100 135 176 0
188 195 174 0
127 71 60 0
123 20 26 0
73 6 125 0
86 22 49 0
166 138 55 0
6 100 114 0
192 5 47 0
189 69 72 0
70 121 7 0
46 109 154 0
20 189 25 0
32 64 197 0
59 137 155 0
184 175 129 0
33 93 67 0
40 99 120 0
155 92 125 0
2 33 147 0
26 103 68 0
33 102 130 0
139 74 119 0
117 107 135 0
114 166 72 0
22 102 199 0
151 88 92 0
171 128 191 0
91 35 35 0
168 38 68 0
115 64 172 0
136 50 26 0
66 141 100 0
137 58 7 0
72 125 125 0
144 147 28 0
143 50 116 0
35 21 196 0
178 112 32 0
14 81 22 0
34 148 38 0
158 84 40 0
184 102 182 0
85 39 192 0
44 111 117 0
170 7 16 0
198 102 67 0
66 89 40 0
14 68 153 0
46 34 186 0
20 68 86 0
59 27 123 0
51 163 25 0
33 48 65 0
26 93 176 0
95 63 184 0
64 13 38 0
131 79 128 0
171 45 196 0
76 44 30 0
14 64 50 0
53 75 29 0
176 127 193 0
153 112 193 0
18 90 86 0
147 186 101 0
83 50 114 0
121 133 145 0
49 56 143 0
45 85 187 0
27 51 51 0
30 104 79 0
11 32 158 0
4 186 70 0
150 4 161 0
36 103 99 0
90 186 101 0
156 108 186 0
54 109 194 0
197 107 79 0
184 86 83 0
187 116 139 0
18 128 172 0
176 84 158 0
47 34 114 0
160 23 170 0
11 65 156 0
64 21 16 0
2 27 126 0
196 176 185 0
28 112 71 0
111 100 140 0
2 70 20 0
174 47 104 0
84 46 91 0
151 6 66 0
121 169 131 0
29 33 104 0
46 35 132 0
124 183 108 0
109 11 21 0
132 74 73 0
72 77 143 0
92 3 142 0
197 88 188 0
40 191 194 0
106 112 115 0
189 141 148 0
93 139 135 0
177 15 119 0
86 76 82 0
59 9 157 0
84 81 186 0
27 126 189 0
122 75 77 0
110 115 68 0
57 173 132 0
172 162 26 0
73 7 117 0
8 185 133 0
79 23 161 0
114 82 170 0
71 166 4 0
9 145 130 0
198 67 5 0
28 178 72 0
48 187 45 0
181 159 159 0
159 184 166 0
76 145 151 0
9 24 174 0
171 138 56 0
93 161 174 0
49 170 72 0
179 121 91 0
136 149 21 0
8 197 8 0
5 130 168 0
164 89 152 0
131 166 97 0
82 127 74 0
9 50 164 0
17 96 78 0
192 145 0 0
16 125 121 0
107 13 22 0
129 174 20 0
137 179 102 0
57 96 192 0
162 27 158 0
59 61 37 0
85 70 88 0
2 40 184 0
80 32 129 0
80 0 6 0
154 107 172 0
176 36 146 0
148 174 77 0
51 31 173 0
195 193 0 0
105 5 14 0
142 42 36 0
182 44 76 0
118 124 60 0
0 157 60 0
6 111 168 0
130 39 156 0
76 188 130 0
154 191 114 0
127 138 59 0
80 43 16 0
46 185 59 0
82 120 103 0
111 38 180 0
171 38 89 0
184 197 0 0
104 127 191 0
60 4 131 0
191 110 74 0
57 189 12 0
116 69 55 0
